-127  -29   13 -110   13   61   12  -58  -86   -9   15  -50  -59  -67  -27   10 
  32  -99 -109  -45  -43  -82  -49   10  -68   10  -40 -119   54   46   42  -15 
  79   58   21   89   76   15  -73  -36    9  -48  -47   12   72   61   -2   57 
 -45   -8   73   42 -122 -100  -90  -93  -77   68  -53   90  -19  -27  -33   68 
  42   14 -102  -61   78 -118  -72  -72   19  -39  -51  -19   74   21    4  105 
   8  -83  -82   28   41    6  -67  -16   58  122 -102   55   64  -74   92  120 
 -37  121  -31  -95  -48  -75   65 -104  -13 -118  -88  -95  -26   42 -115  -72 
  72   19  -57   58   57  -76 -122  -14  -67  -28   41   14 -117   73  -11  107 
 -82   18  -83  -62   13   24 -122  -69   83  -37 -124  -40  -72  -27   43   72 
  33 -124 -106 -110  -79  -19  117  -89  -89  -71   91   81   42  -59   -4   -2 
 -17  112   64  118   64   57   60   98  -31  -61 -122   65  -38   44  -15   54 
 -98   85  -96  -76 -115   -7   -3   15   99   49 -107  -19  120  -46   70   16 
 106  -86  -32 -117  -91  -94 -108   75   71  -71   80   12  -22  104  115   35 
  73  -33  103   48   73   32   19  -86  -35    4   57  -46  -48   23   38    0 
 -23   89   79  -47  119  -40  -60  -73  -80   53    7  105    1    0  -59  -81 
  47  120  -17 -107   96  -88   41   -9    1  104  -86  -15   14   60  111  -81 
