  36 -119   13  -27    1  118  109  121  -59  101 -110  114  -24   92  -83  -29 
   0   42 -106 -115  107 -126   29   35  -54  114   65  120  107   70  -68 -117 
   5  -69   -2  113   98   31  120  -97  -37  -55  -41   22  -62   -9   18  109 
  31    5   91  -65   88 -114  122  115  -81  -33  119  -26   41  -38  -75  121 
 -48   43   92   -3   86  -25   54  121   20 -124   91   89  -10   54  -58  119 
 -76   40  -57 -120   -3 -100  -38  102  -13   94   85  -71   22   38  125    6 
 126  -49   -6   23    6  117  -87  -59   75  -20   78   41   14  -97   42   30 
  -7   74  107   54   68   18  127  122   50    4   74  -95   -5  -17   54 -113 
   8   27   40   75  -98  108   81  -63   88  -42  -30  115   18  -71  -95    1 
  39  -97   88   20 -106   85   43   45    4  -25  -55   73  -95  122    3  -14 
 -24    6   56  -88  -59  116  -80   42   21   23   73   37 -115    7   12  -69 
  -9  -36  -96  114   93   75  -98   -5 -125   29   68  -32   82   13    4 -116 
  23    4  124   58  -90   50  -55  -67  -36    6  -76  -84    7   17  -53  108 
  36  -71  -44   29    2  -39 -100   99  -56   58  -85 -110   89  -18   91   59 
-113 -116   69   16  -23   74   27   56 -122  119   84  118   11   91   66  -80 
 -26  -23 -122   97  -18  -27  100  -31  110   85  112   15   -3  -30  -87  -37 
