    3114   -10640   -27926   -13544   -16209    -1263    12293   -33605     7028    -3902    12368    -3678     5507   -18234      992    20080 
   10920   -22488   -33234   -31020   -35348    -7150    26906    15509     2755   -53529    34111   -21830     5012    11705     1524     3324 
  -17906    40885     9855   -18866     3021   -25479     9385   -32502     3997    21070   -38247     -941    19045    -7646   -11898   -13227 
   27949    51370    -5816    -3119    26269   -26682    12086    12738   -11100   -41620   -13960   -23479   -11838    50478    -9924    -1964 
   18809    56296   -10850    17478    29892   -26402   -26188     4757    14483    -2820   -50983   -25427      848    39672    17274    21739 
   31847     1790     4919     1981    33137    -5055    13080    11359   -28525   -23813    35856    13710   -21713    25215    -8073   -18945 
  -36227     4776    -6294   -11310     8916    17916   -16025     8769    13360    26046   -35808    23550     6674   -26450    19016    22804 
   12125     8648    -7393    22332    15958   -23286   -37675   -27645   -27212   -39425   -18406       55   -18551    21627   -35294    32473 
  -31557     2750   -25527   -12004   -46575     2442   -13473       10    34352    13280   -49281   -14723    17137   -16335    16825    12036 
  -13391    16883    22203    24910    11320    26897     1131   -27146     2056    18480    -9227     2309    -4817   -17997    -5820     5112 
   -4970    -3988    -6161    43121    25463    38745     2804    12475     4426    12924   -14788    14585    10028   -18794     3846    21449 
   12333   -41526    13528    22571   -18082    -9926    -9863    13394   -11995     8536    26373    40363     4070   -10070     1819    34060 
   19176   -17637    18361     8911     4845     5052     1498    -3612    -4438    25221     8006     4528     8635      587    18941    -7739 
   26506   -22704    14955   -15880    14619   -20331   -15743    -4646   -26791     9559    56665    31503   -24687     8602     3674    -5321 
   21499    11313    13196    32578    -3418     3982    16266    -4968    -2656    -5712     8891    46261    19933    -1747    -6265    15065 
  -30176     3003   -12245   -10980   -45197    -1050    21035    -6504     1440   -25636   -25827     2470   -18273   -12789   -13635     8057 
